11111111 11011000 11111111 11100000 00000000 00010000 01001010 01000110
01001001 01000110 00000000 00000001 00000001 00000000 00000000 00000001
00000000 00000001 00000000 00000000 11111111 11011011 00000000 01000011
00000000 10100000 01101110 01111000 10001100 01111000 01100100 10100000
10001100 10000010 10001100 10110100 10101010 10100000 10111110 11110000
11111111 11111111 11110000 11011100 11011100 11110000 11111111 11111111
11111111 11111111 11111111 11111111 11111111 11111111 11111111 11111111
11111111 11111111 11111111 11111111 11111111 11111111 11111111 11111111
11111111 11111111 11111111 11111111 11111111 11111111 11111111 11111111
11111111 11111111 11111111 11111111 11111111 11111111 11111111 11111111
11111111 11111111 11111111 11111111 11111111 11111111 11111111 11111111
11111111 11111111 11011011 00000000 01000011 00000001 10101010 10110100
10110100 11110000 11010010 11110000 11111111 11111111 11111111 11111111
11111111 11111111 11111111 11111111 11111111 11111111 11111111 11111111
11111111 11111111 11111111 11111111 11111111 11111111 11111111 11111111
11111111 11111111 11111111 11111111 11111111 11111111 11111111 11111111
11111111 11111111 11111111 11111111 11111111 11111111 11111111 11111111
11111111 11111111 11111111 11111111 11111111 11111111 11111111 11111111
11111111 11111111 11111111 11111111 11111111 11111111 11111111 11111111
11111111 11111111 11111111 11111111 11111111 11111111 11111111 11000010
00000000 00010001 00001000 00000010 10010011 00000001 10110111 00000011
00000001 00100010 00000000 00000010 00010001 00000001 00000011 00010001
00000001 11111111 11000100 00000000 00010111 00000000 00000001 00000001
00000001 00000001 00000000 00000000 00000000 00000000 00000000 00000000
00000000 00000000 00000000 00000000 00000000 00000000 00000000 00000001
00000010 00000011 11111111 11000100 00000000 00010110 00000001 00000001
00000001 00000001 00000000 00000000 00000000 00000000 00000000 00000000
00000000 00000000 00000000 00000000 00000000 00000000 00000000 00000000
00000001 00000010 11111111 11011010 00000000 00001100 00000011 00000001
00000000 00000010 00010000 00000011 00010000 00000000 00000000 00000001
11011000 00000000 00000000 00000000 00000000 00000000 00000000 00000000
00000000 00000000 00000000 00000000 00000000 00000000 00000000 00000000
00000000 00000000 00000000 00000000 00000000 00000000 00000000 00000000
00000000 00000000 00000000 00000000 00000000 00000000 00000000 00000000
00000000 00000000 00000000 00000000 00000000 00000000 00000000 00000000
00000000 00000000 00000000 00000000 00000000 00000000 00000000 00000000
00000000 00000000 00000000 00000000 00000000 00000000 00000000 00000000
00000000 00000000 00000000 00000000 00000000 00000000 00000000 00000000
00000000 00000000 00000000 00000000 00000000 00000000 00000000 00000000
00000000 00000000 00000000 00000000 00000000 00000000 00000000 00000000
00000000 00000000 00000000 00000000 00000000 00000000 00000000 00000000
00000000 00000000 00000000 00000000 00100100 00110100 11001101 00101000
00000000 00000000 00000000 00000000 00000000 00000000 00000000 00000000
00000000 00000000 00000000 00000000 00000000 00000000 00000000 00001000
10001011 00100000 10110111 00100011 01000010 10010010 11100110 00000010
01011001 10001101 01100110 11001110 10110111 10010111 01011010 00000000
00000000 00000000 00000000 00000000 00000000 00000000 01000010 11001000
10001011 01110010 00110100 00101000 00000000 00000000 00000000 00000000
00000100 00100000 11001101 00010110 00100000 10101001 01100000 00101000
10000000 10000101 10101100 01101110 01000100 11101010 00101000 00000000
00000000 00100000 10110000 10000000 00000000 00000010 01010000 01000100
00000001 01011011 11000101 01001101 00001010 00000000 00000000 00000000
00000001 10011011 00100001 01100101 11001101 00100000 00001010 00000000
00001100 11010101 00110011 01001010 01100111 01011001 01001110 10010110
01011010 00000000 00000100 10010110 00001001 00001101 00110011 01001010
10010100 00000000 00000100 01000000 10010101 01010100 01000100 10100011
01001001 01101000 00000000 00000000 00000001 00101110 01100000 01011001
01010010 11001000 00010010 10101000 00001000 00010110 00001011 00101000
01001100 11101010 11000110 00110111 10000011 10101101 00101000 00000110
01001000 01011000 00100101 10010000 11011011 00000011 01101001 01000000
00010010 11000010 01001101 01000001 01100101 01010101 00010010 00000001
10101001 01101000 00000001 00001010 11001010 00101010 00100000 00010101
01010010 00000110 00101100 10101011 01001000 10110001 01000000 00000010
10100101 00110011 01100101 10110010 11001010 10010111 01001100 11101010
11000000 10101100 11001011 00100000 00010110 01001011 00101100 11101001
00100101 10001001 10100000 00000001 00101100 00100101 10010100 10010110
00010110 10000100 00000011 01000010 10000000 01100010 11100010 00110110
11000101 10001101 00100101 01010000 00101010 00100010 01010010 10100010
10101100 11001110 10111001 11101000 10100010 01010010 10000000 00001010
00100000 00011010 11001101 10110010 10001010 11001001 01100010 01001010
00100010 11010010 01010000 00000000 00000100 10110000 10010110 01010101
10000100 01001011 01000001 10100010 10000000 00000011 10011110 01110111
10000010 11101010 01011000 10010101 00010110 11011100 10100011 01001001
01001000 10100000 10001011 00110010 10110100 10010110 11001001 01101001
01000000 01000001 00101101 00010100 11001110 11110011 10100100 01000000
00000000 00001000 00001010 10010100 00000000 01000000 01000101 00010000
10110110 00010011 01100010 10000000 00000000 00001100 11100011 10101111
00100010 11011100 11101010 00101100 10101001 01110010 10110010 10110100
00100000 01010010 00101100 00000000 10010100 00001011 00101100 00000101
01001010 00101100 01000100 10110100 00001000 00010001 10100000 00000110
01101100 00010100 00101010 00001011 00010000 00000101 00000000 00001011
10101100 01101101 00000010 10000000 00000001 10001101 10001110 01001011
10010011 10100011 00110111 00110100 01000011 01010001 01000010 01010010
11000000 00100000 10110110 00101100 10101000 00101010 00000110 01101001
01100010 11010010 11011100 11101010 11001100 10110101 10011000 01011001
00001010 00001001 10100000 01001011 00000010 01010101 10000000 00000000
